Cycle: 17805,     Time: 1.008931e-03s,     Time Increment: 5.667130e-08s,     Progress: 100%,     Estimated Clock Time Remaining: -
Cycle: 17805,     Time: 1.008931e-03s,     Time Increment: 5.667130e-08s,     Progress: 100%,     Estimated Clock Time Remaining: -1s
