Cycle: 21479,     Time: 1.128929e-03s,     Time Increment: 5.256400e-08s,     Progress: 100%,     Estimated Clock Time Remaining: -
Cycle: 21479,     Time: 1.128929e-03s,     Time Increment: 5.256400e-08s,     Progress: 100%,     Estimated Clock Time Remaining: -1s
