Cycle: 19302,     Time: 1.093768e-03s,     Time Increment: 5.667129e-08s,     Progress: 100%,     Estimated Clock Time Remaining: -
Cycle: 19302,     Time: 1.093768e-03s,     Time Increment: 5.667129e-08s,     Progress: 100%,     Estimated Clock Time Remaining: -1s
