Cycle: 9227,     Time: 9.674171e-04s,     Time Increment: 1.048666e-07s,     Progress: 100%,     Estimated Clock Time Remaining: -
Cycle: 9227,     Time: 9.674171e-04s,     Time Increment: 1.048666e-07s,     Progress: 100%,     Estimated Clock Time Remaining: -1s
