Cycle: 19627,     Time: 1.112187e-03s,     Time Increment: 5.667130e-08s,     Progress: 100%,     Estimated Clock Time Remaining: -
Cycle: 19627,     Time: 1.112187e-03s,     Time Increment: 5.667130e-08s,     Progress: 100%,     Estimated Clock Time Remaining: -1s
