Cycle: 26354,     Time: 1.493414e-03s,     Time Increment: 5.667129e-08s,     Progress: 100%,     Estimated Clock Time Remaining: -
Cycle: 26354,     Time: 1.493414e-03s,     Time Increment: 5.667129e-08s,     Progress: 100%,     Estimated Clock Time Remaining: -1s
