Cycle: 29501,     Time: 1.550597e-03s,     Time Increment: 5.256400e-08s,     Progress: 100%,     Estimated Clock Time Remaining: -
Cycle: 29501,     Time: 1.550597e-03s,     Time Increment: 5.256400e-08s,     Progress: 100%,     Estimated Clock Time Remaining: -1s
